M001 80.3654 26.6317  5.20 2.860 42.6 281.02 247.23
M002 80.3840 26.5551  1.18 0.189 5.31  22.22 108.06
M003 80.3141 26.5624  3.08 1.940 17.5  28.21 195.89
M004 80.4300 26.5025  1.24 1.520 2.71  16.97 273.15
M005 80.3261 26.5179  1.79 1.240 14.7  27.80 149.09
M006 80.2546 26.4976  0.52 0.989 12.6  15.73 203.18
M007 80.3777 26.4429  1.13 1.880 1.33   9.77 305.63
M008 80.2830 26.4578  0.75 0.430 7.26  11.78  78.24
M009 80.3004 26.3742  0.48 0.578 2.82  29.30  96.48
M010 80.4525 26.4368  0.27 0.307 0.67  49.91  38.15
M011 80.4750 26.3592  0.25 0.753 0.59  26.35 210.85
M012 80.4066 26.3798  0.21 0.370 1.01  56.65  12.13
M013 80.4856 26.3082  0.62 0.956 0.61  30.77 204.10
M014 80.4290 26.3082  0.19 0.930 1.11  28.73 173.86
M015 80.3405 26.3217  0.21 0.228 0.71  45.96  27.21
M016 80.4400 26.2420  0.58 0.860 1.23  30.85 306.02
M017 80.3709 26.2386  1.52 0.783 0.83  24.10 167.01
M018 80.4034 26.1741  2.12 2.170 1.23  18.08 146.67
M019 80.3153 26.2133  1.12 1.380 1.77  17.77 165.04
M020 80.8234 26.3530  0.30 0.172 2.06  43.30  70.50
M022 80.7401 26.3885  0.04 0.152 1.63  18.60  70.64
M023 80.7598 26.3159  0.27 0.406 6.80 144.46  12.15
M026 80.8008 26.2604  0.16 0.380 1.79  16.28 334.37
M027 80.7128 26.2733  0.20 0.313 1.41  21.39 101.93
M028 80.6345 26.2723  0.18 0.746 1.01  15.73 157.38
M029 80.5798 26.2712  0.07 0.365 0.75  10.93  99.89
M030 80.8054 26.1739  0.35 0.488 1.27  43.70  99.28
M031 80.7384 26.1935  1.92 1.710 3.03  19.12 469.82
M032 80.6802 26.2117  0.19 0.292 2.32  37.82   6.01
M033 80.5876 26.2312  0.21 0.280 0.62  14.03 138.40
M034 80.5268 26.2399  0.30 0.299 1.23  13.64 125.11
M035 80.7799 26.1360  0.47 1.170 1.84  12.40 275.74
M036 80.6865 26.1452  0.16 0.341 1.77  24.49 257.39
M037 80.6050 26.1536  0.10 0.567 0.71  17.90 390.18
M038 80.5304 26.1484  0.19 0.858 1.37  15.11  96.96
M040 80.8580 26.0380  0.14 0.154 0.73  10.46 190.00
M041 80.7824 26.0588  1.43 1.710 3.25  15.19 510.42
M042 80.7069 26.0657  1.42 2.190 10.1  24.42 562.75
M043 80.6496 26.0918  0.61 1.420 1.93  14.49 828.62
M044 80.5670 26.0794  1.80 2.070 0.42  37.28 262.26
M045 80.4965 26.1146  1.39 0.389 0.47  32.24 138.12
M046 80.8067 26.0016  0.63 1.400 1.89  31.23 289.67
M047 80.7501 25.9961  0.10 0.546 3.69  28.21 461.15
M048 80.6665 26.0189  0.36 1.030 0.83  33.89 441.90
M049 80.5765 26.0205  0.33 0.978 0.51  36.12 160.23
M050 80.5219 26.0354  0.12 0.584 0.42  36.89 114.06
M051 80.4505 25.9985  0.34 0.510 0.59  36.66 217.01
M052 80.8275 25.9253  0.28 0.455 0.63  32.24 216.90
M053 80.7556 25.9323  0.39 0.541 1.27  23.87 171.85
M054 80.7109 25.9471  0.96 0.813 1.83  24.10 396.12
M055 80.6051 25.9492  1.64 2.000 0.65  25.58 155.51
M056 80.5422 25.9621  0.33 0.074 0.49  29.30   5.15
M057 80.4732 25.9277  2.06 0.391 1.29  37.10 211.42
M058 80.7939 25.8581  0.22 0.774 1.69  26.87  77.27
M059 80.6994 25.8772  0.87 0.762 0.67  31.31 269.35
M060 80.6338 25.9003  0.20 0.419 0.73  33.56 250.40
M061 80.5667 25.8899  1.43 0.471 0.83  32.03 156.24
M062 80.8287 25.8085  0.21 0.420 1.34  14.78 231.03
M063 80.7216 25.8117  2.14 0.751 2.10  28.52 270.19
M064 80.6684 25.8332  0.47 0.711 2.26  35.03 190.82
M065 80.6018 25.8338  1.97 0.339 10.7  46.73 185.74
M066 80.5157 25.8369  1.45 0.545 0.95  55.18 405.52
M067 80.5279 25.7927  0.08 0.093 0.33  51.93  72.45
M068 80.5965 25.7671  0.23 0.099 1.70  40.77 148.66
M069 80.8624 25.7418  1.19 0.114 1.36  23.77 168.82
M070 80.7659 25.7584  1.76 0.832 1.46  48.28 279.50
M071 80.6853 25.7473  0.11 0.420 1.03 139.09  67.11
M072 80.8570 25.6772  2.00 0.256 1.49  31.78  71.75
M073 80.7785 25.6890  2.20 0.545 1.91  38.29 260.73
M074 80.7079 25.7070  1.03 0.118 0.51  45.11 189.27
M075 80.6510 25.7119  0.93 1.570 4.09  43.79 440.75
M076 80.5641 25.7304  0.23 0.300 2.82  40.77 251.42
M077 80.8226 25.6355  1.27 0.469 1.20  32.78 323.17
M078 80.7456 25.6155  2.35 0.653 1.90  37.28 544.67
M079 80.6529 25.6393  2.32 0.347 2.65  45.80 202.76
M080 80.5973 25.6468  0.10 0.152 1.03  40.61 117.15
M081 81.0863 25.6613  0.49 0.191 1.27  18.45  59.83
M082 80.9557 25.5947  1.46 0.111 1.22  13.95 135.49
M083 80.9088 25.6143  0.96 0.109 0.81  22.86  83.43
M085 80.8244 25.5596  3.06 0.514 5.65   6.28  57.52
M086 80.7691 25.5741  2.24 0.385 1.41   8.37 176.07
M087 80.6954 25.5837  1.28 0.259 1.25   7.98 118.75
M088 80.6254 25.5964  2.30 0.430 1.43   7.36 204.38
M089 80.8637 25.4947  2.67 0.221 3.21   8.76 159.02
M090 80.7790 25.5013  2.00 0.262 1.45   7.52 145.21
M092 80.6522 25.5083  0.13 0.060 2.03   8.60 117.38
M093 80.8137 25.4384  0.25 0.210 0.86   4.65 233.66
M099 80.7858 25.3275  0.90 0.172 2.37  12.32 155.65
M107 81.0171 25.6405  0.15 0.155 1.30   3.72 103.90
M108 81.0742 25.7106  0.17 0.170 5.07  16.12 196.14
M109 80.9830 25.7213  0.31 0.233 2.56   8.99 120.59
M110 80.9120 25.7943  0.28 0.612 2.48   7.98 242.87
M111 81.0250 25.8241  0.32 0.151 0.96   9.92 109.44
M113 80.8658 25.8479  0.76 0.370 1.28  11.08 172.01
M114 80.9216 25.9259  0.11 0.137 2.49   7.29 100.25
M116 80.9563 26.0347  1.17 0.572 7.41  15.71  78.55
